# dt	sn
# time = 0.03333999999999996
0.026680	0.258445
0.026720	0.258551
0.026760	0.256737
0.026800	0.258759
0.026840	0.257135
0.026880	0.258095
0.026920	0.258145
0.026960	0.257987
0.027000	0.259123
0.027040	0.257942
0.027080	0.257512
0.027120	0.259191
0.027160	0.258017
0.027200	0.258000
0.027240	0.258612
0.027280	0.258483
0.027320	0.257984
0.027360	0.258514
0.027400	0.258841
0.027440	0.257197
0.027480	0.258215
0.027520	0.257390
0.027560	0.258353
0.027600	0.258315
0.027640	0.259008
0.027680	0.258170
0.027720	0.258326
0.027760	0.256829
0.027800	0.259686
0.027840	0.257358
0.027880	0.258567
0.027920	0.257563
0.027960	0.259013
0.028000	0.257223
0.028040	0.257716
0.028080	0.258915
0.028120	0.258036
0.028160	0.258081
0.028200	0.257388
0.028240	0.258044
0.028280	0.258167
0.028320	0.258056
0.028360	0.257922
0.028400	0.258186
0.028440	0.257477
0.028480	0.257521
0.028520	0.257748
0.028560	0.257574
0.028600	0.259186
0.028640	0.257789
0.028680	0.258645
0.028720	0.258300
0.028760	0.257268
0.028800	0.257626
0.028840	0.258180
0.028880	0.258586
0.028920	0.258136
0.028960	0.258495
0.029000	0.259010
0.029040	0.257882
0.029080	0.257321
0.029120	0.257748
0.029160	0.257455
0.029200	0.258402
0.029240	0.257709
0.029280	0.258076
0.029320	0.258754
0.029360	0.257959
0.029400	0.258525
0.029440	0.257338
0.029480	0.258204
0.029520	0.257869
0.029560	0.257946
0.029600	0.257988
0.029640	0.257970
0.029680	0.257808
0.029720	0.257904
0.029760	0.257778
0.029800	0.258721
0.029840	0.257260
0.029880	0.258072
0.029920	0.258499
0.029960	0.257668
0.030000	0.257277
0.030040	0.259037
0.030080	0.257885
0.030120	0.257586
0.030160	0.257953
0.030200	0.257933
0.030240	0.257897
0.030280	0.258098
0.030320	0.258004
0.030360	0.257684
0.030400	0.258238
0.030440	0.258862
0.030480	0.258610
0.030520	0.257842
0.030560	0.257988
0.030600	0.257907
0.030640	0.257139
0.030680	0.257883
0.030720	0.257566
0.030760	0.258572
0.030800	0.258452
0.030840	0.258582
0.030880	0.257537
0.030920	0.257721
0.030960	0.257379
0.031000	0.257503
0.031040	0.258525
0.031080	0.258175
0.031120	0.257912
0.031160	0.256773
0.031200	0.257635
0.031240	0.258347
0.031280	0.258820
0.031320	0.258469
0.031360	0.259444
0.031400	0.257981
0.031440	0.257978
0.031480	0.257914
0.031520	0.257701
0.031560	0.257283
0.031600	0.258670
0.031640	0.257735
0.031680	0.258132
0.031720	0.258728
0.031760	0.259016
0.031800	0.258456
0.031840	0.258106
0.031880	0.257165
0.031920	0.257481
0.031960	0.258817
0.032000	0.257773
0.032040	0.257510
0.032080	0.257719
0.032120	0.258485
0.032160	0.257285
0.032200	0.256997
0.032240	0.257939
0.032280	0.257909
0.032320	0.257294
0.032360	0.258546
0.032400	0.257817
0.032440	0.257220
0.032480	0.258309
0.032520	0.257756
0.032560	0.256900
0.032600	0.258368
0.032640	0.258365
0.032680	0.257879
0.032720	0.257499
0.032760	0.257538
0.032800	0.258884
0.032840	0.257555
0.032880	0.258169
0.032920	0.258452
0.032960	0.256847
0.033000	0.257617
0.033040	0.257809
0.033080	0.257746
0.033120	0.257654
0.033160	0.256887
0.033200	0.258282
0.033240	0.257661
0.033280	0.259272
0.033320	0.257300
0.033360	0.257163
0.033400	0.257960
0.033440	0.256687
0.033480	0.257280
0.033520	0.258117
0.033560	0.257743
0.033600	0.256156
0.033640	0.257447
0.033680	0.257516
0.033720	0.257280
0.033760	0.257818
0.033800	0.256809
0.033840	0.256209
0.033880	0.257113
0.033920	0.257343
0.033960	0.257119
0.034000	0.257542
0.034040	0.257240
0.034080	0.257822
0.034120	0.256984
0.034160	0.257280
0.034200	0.258035
0.034240	0.257785
0.034280	0.257585
0.034320	0.257540
0.034360	0.257485
0.034400	0.257903
0.034440	0.258274
0.034480	0.256562
0.034520	0.257038
0.034560	0.257779
0.034600	0.258055
0.034640	0.258876
0.034680	0.256333
0.034720	0.257352
0.034760	0.257563
0.034800	0.258679
0.034840	0.257456
0.034880	0.258240
0.034920	0.258819
0.034960	0.259152
0.035000	0.262194
0.035040	0.279869
0.035080	0.317338
0.035120	0.371958
0.035160	0.464848
0.035200	0.598228
0.035240	0.744506
0.035280	0.892251
0.035320	0.996836
0.035360	1.070672
0.035400	1.095844
0.035440	1.081378
0.035480	1.029855
0.035520	0.983488
0.035560	0.935744
0.035600	0.869087
0.035640	0.830685
0.035680	0.782187
0.035720	0.727167
0.035760	0.682694
0.035800	0.638187
0.035840	0.596793
0.035880	0.560309
0.035920	0.521692
0.035960	0.492811
0.036000	0.467316
0.036040	0.442663
0.036080	0.416583
0.036120	0.399308
0.036160	0.382277
0.036200	0.367070
0.036240	0.356457
0.036280	0.341508
0.036320	0.329819
0.036360	0.321247
0.036400	0.313473
0.036440	0.305832
0.036480	0.298411
0.036520	0.292798
0.036560	0.288047
0.036600	0.283923
0.036640	0.280314
0.036680	0.276243
0.036720	0.273042
0.036760	0.273113
0.036800	0.269092
0.036840	0.267597
0.036880	0.267025
0.036920	0.264764
0.036960	0.263763
0.037000	0.262365
0.037040	0.260161
0.037080	0.260153
0.037120	0.260772
0.037160	0.260087
0.037200	0.258364
0.037240	0.259174
0.037280	0.259554
0.037320	0.258692
0.037360	0.258944
0.037400	0.258812
0.037440	0.259330
0.037480	0.258524
0.037520	0.258336
0.037560	0.257741
0.037600	0.257911
0.037640	0.257883
0.037680	0.259312
0.037720	0.258424
0.037760	0.257961
0.037800	0.257568
0.037840	0.258618
0.037880	0.258680
0.037920	0.258064
0.037960	0.257892
0.038000	0.258548
0.038040	0.258727
0.038080	0.258637
0.038120	0.256973
0.038160	0.257830
0.038200	0.257922
0.038240	0.258954
0.038280	0.256679
0.038320	0.258110
0.038360	0.256336
0.038400	0.258754
0.038440	0.256471
0.038480	0.259293
0.038520	0.258823
0.038560	0.257232
0.038600	0.257661
0.038640	0.258126
0.038680	0.258531
0.038720	0.257375
0.038760	0.257860
0.038800	0.258124
0.038840	0.259054
0.038880	0.258310
0.038920	0.258135
0.038960	0.258427
0.039000	0.257775
0.039040	0.257739
0.039080	0.258636
0.039120	0.258185
0.039160	0.259083
0.039200	0.257902
0.039240	0.256708
0.039280	0.257344
0.039320	0.258028
0.039360	0.257790
0.039400	0.258353
0.039440	0.258675
0.039480	0.258203
0.039520	0.258526
0.039560	0.258907
0.039600	0.258687
0.039640	0.258838
0.039680	0.257536
0.039720	0.258945
0.039760	0.257861
0.039800	0.259020
0.039840	0.258583
0.039880	0.258471
0.039920	0.258116
0.039960	0.257307
0.040000	0.257194
