# dt	sn
# time = 0.033339999999999474
0.026680	0.256855
0.026720	0.257592
0.026760	0.258673
0.026800	0.258192
0.026840	0.257279
0.026880	0.258331
0.026920	0.257467
0.026960	0.258043
0.027000	0.258874
0.027040	0.257533
0.027080	0.258385
0.027120	0.258367
0.027160	0.258295
0.027200	0.257320
0.027240	0.258502
0.027280	0.257739
0.027320	0.258892
0.027360	0.258342
0.027400	0.258599
0.027440	0.258441
0.027480	0.258121
0.027520	0.257110
0.027560	0.257987
0.027600	0.258650
0.027640	0.259299
0.027680	0.257591
0.027720	0.258342
0.027760	0.257649
0.027800	0.258653
0.027840	0.258741
0.027880	0.257456
0.027920	0.258111
0.027960	0.259054
0.028000	0.258487
0.028040	0.257018
0.028080	0.257430
0.028120	0.257959
0.028160	0.257828
0.028200	0.256927
0.028240	0.259082
0.028280	0.257892
0.028320	0.258181
0.028360	0.257267
0.028400	0.259282
0.028440	0.258084
0.028480	0.257598
0.028520	0.258517
0.028560	0.258536
0.028600	0.258879
0.028640	0.258116
0.028680	0.257765
0.028720	0.258199
0.028760	0.258673
0.028800	0.259243
0.028840	0.258645
0.028880	0.258406
0.028920	0.258587
0.028960	0.257650
0.029000	0.258351
0.029040	0.257564
0.029080	0.258120
0.029120	0.258318
0.029160	0.258255
0.029200	0.257847
0.029240	0.258617
0.029280	0.258323
0.029320	0.258183
0.029360	0.258368
0.029400	0.257941
0.029440	0.258677
0.029480	0.258135
0.029520	0.257263
0.029560	0.258278
0.029600	0.258017
0.029640	0.258976
0.029680	0.258070
0.029720	0.257127
0.029760	0.258436
0.029800	0.258034
0.029840	0.257901
0.029880	0.258781
0.029920	0.258785
0.029960	0.257049
0.030000	0.259406
0.030040	0.259213
0.030080	0.258598
0.030120	0.258526
0.030160	0.257724
0.030200	0.258537
0.030240	0.259212
0.030280	0.257528
0.030320	0.258798
0.030360	0.257881
0.030400	0.259013
0.030440	0.257918
0.030480	0.258469
0.030520	0.259269
0.030560	0.257242
0.030600	0.258175
0.030640	0.257842
0.030680	0.259487
0.030720	0.257913
0.030760	0.258423
0.030800	0.257739
0.030840	0.260037
0.030880	0.257380
0.030920	0.258939
0.030960	0.258005
0.031000	0.258233
0.031040	0.258032
0.031080	0.256562
0.031120	0.258230
0.031160	0.257745
0.031200	0.257472
0.031240	0.258215
0.031280	0.257573
0.031320	0.257649
0.031360	0.259148
0.031400	0.258773
0.031440	0.257111
0.031480	0.258646
0.031520	0.259462
0.031560	0.258010
0.031600	0.258406
0.031640	0.258137
0.031680	0.258561
0.031720	0.257628
0.031760	0.258280
0.031800	0.258660
0.031840	0.258445
0.031880	0.257845
0.031920	0.257247
0.031960	0.258421
0.032000	0.257984
0.032040	0.258156
0.032080	0.257947
0.032120	0.257405
0.032160	0.258068
0.032200	0.258228
0.032240	0.258845
0.032280	0.258616
0.032320	0.257472
0.032360	0.256486
0.032400	0.257916
0.032440	0.258281
0.032480	0.258575
0.032520	0.257478
0.032560	0.258010
0.032600	0.257808
0.032640	0.258021
0.032680	0.257514
0.032720	0.258427
0.032760	0.258853
0.032800	0.256925
0.032840	0.258241
0.032880	0.256882
0.032920	0.257374
0.032960	0.258201
0.033000	0.258736
0.033040	0.258550
0.033080	0.258082
0.033120	0.258505
0.033160	0.257848
0.033200	0.258345
0.033240	0.257967
0.033280	0.257779
0.033320	0.257480
0.033360	0.256819
0.033400	0.257731
0.033440	0.257307
0.033480	0.258817
0.033520	0.258814
0.033560	0.257167
0.033600	0.258251
0.033640	0.257963
0.033680	0.258045
0.033720	0.257019
0.033760	0.257111
0.033800	0.259108
0.033840	0.258244
0.033880	0.257595
0.033920	0.257091
0.033960	0.258067
0.034000	0.257802
0.034040	0.258450
0.034080	0.258921
0.034120	0.258560
0.034160	0.258030
0.034200	0.257602
0.034240	0.258293
0.034280	0.258241
0.034320	0.258154
0.034360	0.257815
0.034400	0.258450
0.034440	0.257488
0.034480	0.258096
0.034520	0.257335
0.034560	0.257949
0.034600	0.257599
0.034640	0.257626
0.034680	0.258585
0.034720	0.257157
0.034760	0.257700
0.034800	0.257277
0.034840	0.258222
0.034880	0.258232
0.034920	0.258375
0.034960	0.258836
0.035000	0.262728
0.035040	0.276000
0.035080	0.302348
0.035120	0.355937
0.035160	0.444706
0.035200	0.560960
0.035240	0.682295
0.035280	0.815834
0.035320	0.923406
0.035360	0.987397
0.035400	1.024800
0.035440	1.007170
0.035480	0.977369
0.035520	0.943966
0.035560	0.900037
0.035600	0.863629
0.035640	0.809979
0.035680	0.768342
0.035720	0.732688
0.035760	0.688970
0.035800	0.645803
0.035840	0.608661
0.035880	0.579569
0.035920	0.544417
0.035960	0.508506
0.036000	0.489393
0.036040	0.461564
0.036080	0.437322
0.036120	0.415043
0.036160	0.401061
0.036200	0.384297
0.036240	0.365052
0.036280	0.352884
0.036320	0.341284
0.036360	0.331917
0.036400	0.321759
0.036440	0.314968
0.036480	0.306025
0.036520	0.299258
0.036560	0.294278
0.036600	0.288728
0.036640	0.284109
0.036680	0.281870
0.036720	0.279745
0.036760	0.275132
0.036800	0.273569
0.036840	0.269898
0.036880	0.269123
0.036920	0.267480
0.036960	0.266338
0.037000	0.264240
0.037040	0.262714
0.037080	0.261769
0.037120	0.260861
0.037160	0.261269
0.037200	0.260971
0.037240	0.261299
0.037280	0.260174
0.037320	0.259634
0.037360	0.259461
0.037400	0.259566
0.037440	0.259721
0.037480	0.259189
0.037520	0.258474
0.037560	0.257401
0.037600	0.259971
0.037640	0.259020
0.037680	0.257973
0.037720	0.258866
0.037760	0.258319
0.037800	0.257847
0.037840	0.258512
0.037880	0.258097
0.037920	0.257508
0.037960	0.258983
0.038000	0.259502
0.038040	0.257719
0.038080	0.258416
0.038120	0.258390
0.038160	0.258710
0.038200	0.258341
0.038240	0.257559
0.038280	0.258044
0.038320	0.258259
0.038360	0.257910
0.038400	0.258878
0.038440	0.257547
0.038480	0.257645
0.038520	0.258169
0.038560	0.257685
0.038600	0.258436
0.038640	0.258273
0.038680	0.258851
0.038720	0.258213
0.038760	0.258816
0.038800	0.258257
0.038840	0.257173
0.038880	0.257474
0.038920	0.259057
0.038960	0.257089
0.039000	0.257926
0.039040	0.258086
0.039080	0.257807
0.039120	0.257114
0.039160	0.256929
0.039200	0.257560
0.039240	0.258889
0.039280	0.258232
0.039320	0.258326
0.039360	0.258341
0.039400	0.258757
0.039440	0.258679
0.039480	0.258102
0.039520	0.257936
0.039560	0.257788
0.039600	0.257728
0.039640	0.258118
0.039680	0.256707
0.039720	0.258449
0.039760	0.257774
0.039800	0.257324
0.039840	0.257638
0.039880	0.256782
0.039920	0.257826
0.039960	0.258615
0.040000	0.258155
