

 Table II:   [M/H]= -2.0  Y= 0.250

--------------------------------------------------------------------------------
 M/Ms    Teff     L      g     Mbol    Mv     Mr     Mi     Mj     Mh     Mk
--------------------------------------------------------------------------------
 0.083  1779.  -4.274   5.58  15.33  20.92  16.92  14.41  13.47  13.95  14.58
 0.085  2342.  -3.741   5.53  13.99  17.67  15.17  13.11  11.98  12.30  12.61
 0.090  3005.  -3.202   5.45  12.65  14.70  13.40  11.96  10.77  10.60  10.68
 0.100  3395.  -2.860   5.37  11.79  13.25  12.22  11.17  10.06   9.66   9.58
 0.110  3565.  -2.686   5.32  11.36  12.63  11.66  10.76   9.69   9.24   9.12
 0.130  3749.  -2.463   5.26  10.80  11.91  10.99  10.21   9.20   8.72   8.58
 0.150  3852.  -2.306   5.21  10.40  11.43  10.55   9.81   8.84   8.36   8.20
 0.200  4004.  -2.020   5.12   9.69  10.59   9.78   9.09   8.17   7.69   7.52
 0.300  4172.  -1.665   5.01   8.80   9.58   8.83   8.19   7.33   6.85   6.69
 0.350  4231.  -1.541   4.97   8.49   9.22   8.50   7.88   7.03   6.56   6.40
 0.400  4304.  -1.421   4.94   8.19   8.87   8.18   7.58   6.75   6.29   6.13
 0.500  4623.  -1.083   4.83   7.35   7.83   7.25   6.72   5.99   5.55   5.43
 0.600  5292.  -0.676   4.73   6.33   6.61   6.17   5.76   5.20   4.84   4.77
 0.700  5914.  -0.265   4.58   5.30   5.51   5.17   4.83   4.40   4.10   4.07
 0.750  6282.  -0.015   4.47   4.68   4.87   4.57   4.28   3.90   3.64   3.63
 0.800  6688.   0.334   4.25   3.81   3.96   3.72   3.47   3.17   2.95   2.96
--------------------------------------------------------------------------------


 Table III:   [M/H]= -1.5  Y= 0.250

--------------------------------------------------------------------------------
 M/Ms    Teff     L      g     Mbol    Mv     Mr     Mi     Mj     Mh     Mk
--------------------------------------------------------------------------------
 0.083  2194.  -3.844   5.51  14.25  19.42  16.32  13.87  12.06  12.24  12.42
 0.085  2519.  -3.559   5.48  13.54  17.50  15.20  13.05  11.43  11.38  11.53
 0.090  2938.  -3.207   5.42  12.66  15.21  13.78  12.13  10.73  10.37  10.37
 0.100  3255.  -2.910   5.34  11.92  13.71  12.61  11.37  10.13   9.63   9.52
 0.110  3405.  -2.745   5.30  11.50  13.04  12.02  10.94   9.77   9.25   9.10
 0.130  3586.  -2.523   5.24  10.95  12.25  11.29  10.38   9.28   8.75   8.57
 0.150  3691.  -2.366   5.20  10.56  11.75  10.81   9.98   8.93   8.40   8.21
 0.200  3845.  -2.082   5.11   9.84  10.89  10.00   9.25   8.26   7.74   7.55
 0.300  4008.  -1.724   5.00   8.95   9.85   9.03   8.34   7.42   6.91   6.72
 0.350  4059.  -1.602   4.96   8.65   9.50   8.70   8.03   7.12   6.62   6.44
 0.400  4134.  -1.471   4.92   8.32   9.11   8.35   7.70   6.82   6.31   6.14
 0.500  4462.  -1.116   4.80   7.43   8.00   7.36   6.80   6.01   5.51   5.39
 0.600  5167.  -0.702   4.72   6.40   6.66   6.21   5.79   5.20   4.81   4.75
 0.700  5792.  -0.296   4.58   5.38   5.57   5.21   4.87   4.42   4.11   4.08
 0.750  6132.  -0.059   4.47   4.79   4.96   4.65   4.34   3.95   3.67   3.66
 0.800  6483.   0.266   4.27   3.98   4.12   3.86   3.59   3.26   3.02   3.02
--------------------------------------------------------------------------------


 Table IV:   [M/H]= -1.3  Y= 0.250

--------------------------------------------------------------------------------
 M/Ms    Teff     L      g     Mbol    Mv     Mr     Mi     Mj     Mh     Mk
--------------------------------------------------------------------------------
 0.083  2283.  -3.751   5.49  14.02  19.24  16.30  13.83  11.81  11.82  11.95
 0.085  2542.  -3.524   5.46  13.45  17.61  15.32  13.12  11.34  11.15  11.25
 0.090  2903.  -3.214   5.40  12.68  15.47  13.98  12.23  10.74  10.31  10.27
 0.100  3200.  -2.931   5.34  11.97  13.93  12.79  11.46  10.16   9.63   9.49
 0.110  3343.  -2.769   5.29  11.56  13.24  12.20  11.03   9.81   9.26   9.09
 0.130  3512.  -2.552   5.23  11.02  12.44  11.46  10.47   9.33   8.77   8.58
 0.150  3624.  -2.392   5.19  10.62  11.90  10.95  10.05   8.97   8.42   8.22
 0.200  3780.  -2.107   5.10   9.91  11.02  10.11   9.32   8.30   7.77   7.57
 0.300  3945.  -1.747   4.99   9.01   9.97   9.12   8.41   7.46   6.94   6.74
 0.350  3994.  -1.627   4.96   8.71   9.62   8.79   8.10   7.16   6.65   6.46
 0.400  4067.  -1.492   4.92   8.37   9.22   8.42   7.76   6.85   6.33   6.16
 0.500  4377.  -1.139   4.79   7.49   8.12   7.44   6.86   6.04   5.51   5.39
 0.600  5068.  -0.727   4.71   6.46   6.75   6.27   5.84   5.22   4.81   4.74
 0.700  5686.  -0.326   4.58   5.46   5.64   5.27   4.92   4.44   4.12   4.09
 0.750  6006.  -0.099   4.47   4.89   5.05   4.72   4.41   3.99   3.71   3.69
 0.800  6315.   0.199   4.29   4.14   4.29   4.00   3.72   3.36   3.11   3.10
--------------------------------------------------------------------------------


 Table V:   [M/H]= -1.0  Y= 0.250

--------------------------------------------------------------------------------
 M/Ms    Teff     L      g     Mbol    Mv     Mr     Mi     Mj     Mh     Mk
--------------------------------------------------------------------------------
 0.083  2359.  -3.660   5.45  13.79  19.10  16.42  13.93  11.60  11.35  11.42
 0.085  2550.  -3.492   5.43  13.37  17.81  15.58  13.31  11.26  10.89  10.91
 0.090  2840.  -3.231   5.38  12.72  15.94  14.35  12.44  10.75  10.24  10.15
 0.100  3107.  -2.967   5.32  12.06  14.35  13.15  11.64  10.21   9.63   9.46
 0.110  3245.  -2.808   5.28  11.66  13.61  12.52  11.19   9.87   9.28   9.09
 0.130  3406.  -2.593   5.22  11.12  12.74  11.74  10.61   9.39   8.81   8.60
 0.150  3505.  -2.439   5.18  10.74  12.20  11.23  10.20   9.04   8.46   8.25
 0.200  3674.  -2.150   5.10  10.02  11.25  10.33   9.45   8.37   7.82   7.60
 0.300  3841.  -1.787   4.99   9.11  10.17   9.28   8.51   7.52   6.98   6.78
 0.350  3893.  -1.665   4.96   8.80   9.81   8.94   8.20   7.23   6.70   6.50
 0.400  3959.  -1.530   4.91   8.46   9.42   8.57   7.86   6.91   6.38   6.18
 0.500  4235.  -1.185   4.78   7.60   8.35   7.60   6.98   6.11   5.55   5.42
 0.600  4867.  -0.782   4.69   6.60   6.96   6.42   5.97   5.28   4.81   4.74
 0.700  5478.  -0.392   4.58   5.62   5.81   5.41   5.04   4.52   4.17   4.13
 0.750  5776.  -0.181   4.49   5.09   5.25   4.89   4.56   4.10   3.79   3.77
 0.800  6055.   0.077   4.34   4.45   4.59   4.27   3.96   3.56   3.28   3.27
--------------------------------------------------------------------------------
